4.000000000000000000e+00 4.089999999999999858e+01 6.670000000000000284e+01
4.200000000000000178e+00 4.110000000000000142e+01 6.670000000000000284e+01
4.400000000000000355e+00 4.350000000000000000e+01 6.570000000000000284e+01
4.200000000000000178e+00 4.129999999999999716e+01 6.470000000000000284e+01
4.599999999999999645e+00 4.339999999999999858e+01 6.370000000000000284e+01
4.799999999999999822e+00 4.829999999999999716e+01 6.339999999999999858e+01
5.000000000000000000e+00 4.579999999999999716e+01 6.429999999999999716e+01
5.200000000000000178e+00 4.700000000000000000e+01 6.509999999999999432e+01
5.099999999999999645e+00 4.639999999999999858e+01 6.400000000000000000e+01
5.200000000000000178e+00 4.679999999999999716e+01 6.400000000000000000e+01
5.299999999999999822e+00 4.639999999999999858e+01 6.320000000000000284e+01
5.400000000000000355e+00 4.670000000000000284e+01 6.379999999999999716e+01
5.599999999999999645e+00 4.650000000000000000e+01 6.350000000000000000e+01
5.799999999999999822e+00 4.639999999999999858e+01 6.420000000000000284e+01
6.000000000000000000e+00 4.620000000000000284e+01 6.389999999999999858e+01
6.200000000000000178e+00 4.550000000000000000e+01 6.329999999999999716e+01
6.599999999999999645e+00 4.270000000000000284e+01 6.210000000000000142e+01
7.000000000000000000e+00 4.039999999999999858e+01 6.279999999999999716e+01
5.599999999999999645e+00 4.660000000000000142e+01 6.379999999999999716e+01
5.299999999999999822e+00 4.679999999999999716e+01 6.339999999999999858e+01
